"Acarosporales" "Agaricales" "Agaricostilbales" "Agyriales" "Atheliales" "Blastocladiales" "Boletales" "Botryosphaeriales" "Candelariales" "Cantharellales" "Capnodiales" "Chaetosphaeriales" "Chaetothyriales" "Cystofilobasidiales" "Diaporthales" "Dothideales" "Eurotiales" "Filobasidiales" "Glomerales" "Helotiales" "Hymenochaetales" "Hypocreales" "Lecanorales" "Lecideales" "Leotiales" "Mycocaliciales" "Myriangiales" "Onygenales" "Orbiliales" "Ostropales" "Peltigerales" "Pertusariales" "Pezizales" "Pleosporales" "Polyporales" "Pyrenulales" "Rhizocarpales" "Rhytismatales" "Russulales" "Saccharomycetales" "Sebacinales" "Taphrinales" "Teloschistales" "Thelebolales" "Thelephorales" "Trechisporales" "Tremellales" "unidentified" "Verrucariales" "Xylariales"
"A032" 3 0 0 127 0 1 1 2017 6 4 45 0 6 0 0 49 1 0 0 17 0 96 7 6 1 6 0 34 6 0 0 4 0 17 8 0 7 0 0 1 0 0 0 9 24 0 7 225 1 5
"A138" 0 0 0 1 0 0 0 1 0 0 0 3 11 0 0 27 2 0 0 2 0 0 0 0 0 0 0 83 0 0 1 0 0 0 0 0 1 0 0 0 0 0 0 0 0 0 37 0 3 0
"A172" 0 0 0 0 0 0 0 22 0 0 0 0 1 0 0 44 2 0 0 0 0 0 0 0 0 0 0 93 0 0 0 0 0 0 0 0 0 0 0 0 0 0 0 0 0 0 11 0 0 0
"A194" 0 0 0 0 0 0 0 36 0 0 0 0 11 0 0 0 0 0 0 0 0 0 0 0 0 0 8 1 0 0 0 0 0 0 0 0 0 0 0 0 0 0 0 0 0 0 19 0 952 0
"A227" 0 0 0 0 0 0 0 1 0 0 2 0 5 0 0 0 0 0 1 2 0 1 1 0 0 0 19 0 0 1 0 0 0 2 0 0 0 0 0 0 0 0 0 0 0 0 6163 3 5 0
"A229" 0 0 0 0 0 0 0 0 0 0 0 0 1 0 0 0 0 0 0 39 0 0 2 1 0 0 0 0 0 0 0 0 0 0 0 0 0 1 0 0 0 0 1 0 0 0 7 0 1 0
"A243" 72 0 1 0 0 0 0 2 5 0 49 18 694 0 0 75 3 2 0 5 0 2 283 0 7 0 17 81 1 0 3 1 59 85 0 0 0 13 0 0 0 0 10 0 0 1 301 537 46 0
"A280" 0 5 0 1 1 0 0 29 6 0 112 0 711 4 1 4 2 0 0 1 2 13 23 0 0 1 146 811 0 424 1 0 0 11 3 0 1 0 0 0 2 4 0 0 0 2 3466 8 0 0
"A360" 0 0 0 49 0 0 0 368 5 0 9 2 123 0 0 282 2 0 0 8 0 93 1409 0 0 4 1 30 0 0 1 0 0 1 0 16 0 0 1 0 0 0 0 0 0 0 2309 494 1 0
"A361" 0 0 0 6 0 0 0 3 0 0 6 0 4 0 0 107 0 0 0 0 0 4 0 0 0 0 0 1 0 0 0 0 0 2 0 0 0 0 0 0 0 0 0 0 0 0 5822 1 0 0
"A368" 0 0 0 0 0 0 0 0 0 0 0 0 0 0 0 0 0 0 0 0 0 0 0 0 0 0 0 0 0 0 16 0 0 0 0 0 0 0 0 0 0 0 0 0 0 0 0 0 0 0
"A418" 0 0 0 0 0 0 0 0 0 0 2 0 0 0 0 0 0 0 0 0 0 0 0 0 0 0 0 0 0 0 0 0 0 0 0 0 0 0 0 0 0 0 0 0 0 0 29 20 0 0
"A420" 0 0 0 1 0 0 0 0 0 0 0 0 0 0 0 0 0 0 0 0 0 0 0 0 0 0 0 0 0 0 0 0 0 0 0 0 0 0 0 0 1 0 0 0 0 0 0 0 2 0
"A434" 0 0 0 0 0 0 2 1 0 0 5 0 126 0 0 74 0 0 0 4 0 1 0 0 0 0 0 0 0 0 9 0 0 2 2 0 0 0 2 0 0 0 0 0 0 1 282 412 4 0
"A440" 0 0 0 4 0 0 0 0 0 1 11 0 7 0 0 23 0 0 0 4 0 0 0 0 0 21 0 2 0 0 0 0 0 20 0 0 0 0 0 0 0 0 0 0 0 0 740 7 0 0
"A476" 1 0 0 21 0 0 0 0 0 0 1 0 225 0 0 24 0 0 0 0 0 0 0 0 0 0 1 0 0 0 0 0 0 1 0 0 0 0 0 0 0 0 0 0 0 0 205 1 0 0
"A482" 1 0 0 10 0 0 0 0 0 0 0 0 0 0 0 13 0 0 0 0 0 0 4 0 0 0 0 0 0 0 0 0 0 0 0 0 0 0 0 0 0 0 1 0 0 0 311 0 0 0
"A608" 0 0 0 0 0 0 0 0 0 0 0 0 5 0 0 2 0 0 0 0 0 0 1 2 0 0 0 0 0 0 0 0 0 0 0 0 0 0 0 0 0 0 0 0 0 0 0 0 880 0
"A622" 0 0 0 0 1 0 0 14 1 0 45 0 2852 0 0 2 0 0 0 0 0 0 14 0 0 1 0 2 0 2 0 0 0 0 0 0 0 0 0 0 0 0 0 0 0 0 10 2 0 0
"A623" 0 0 0 0 0 0 0 0 0 0 3 0 0 0 0 0 0 0 0 0 0 0 3 0 0 0 0 3 0 0 0 0 0 0 0 0 0 1 0 0 0 0 2 0 0 0 5 0 0 0
"A636" 0 0 0 0 0 0 0 0 0 0 0 4 11 0 0 4 0 0 0 0 0 0 7 0 0 0 0 1 0 0 0 0 0 1 0 0 0 0 0 0 0 0 0 0 0 0 40 9 0 0
"A670" 0 0 0 0 0 0 0 9 0 0 20 56 1081 0 0 3 0 0 0 0 0 378 15 1 0 5 17 17 0 0 0 0 1 0 0 0 1 725 0 0 0 0 0 0 0 0 237 6 1 0
"A792" 3 0 0 0 0 0 0 0 0 0 1 0 16 0 0 4 0 0 0 1 0 0 2 1 0 0 1 1 0 0 0 0 0 9 0 0 0 0 0 0 0 0 0 0 0 1 835 7 0 0
"A809" 0 0 0 0 0 0 0 0 0 0 18 0 0 0 0 5114 0 0 0 3 1 1 0 0 0 0 0 2 0 0 89 0 0 1 0 0 0 0 0 0 0 0 0 0 0 0 87 9 0 0
"A832" 0 2 0 0 0 0 0 0 0 0 2 0 0 0 0 0 1 0 0 0 0 0 0 0 0 0 0 0 0 0 0 0 0 22 0 48 0 0 0 0 0 0 0 0 0 1 180 16 0 0
